0.0	2.0	1.23	0.32952	0.11684	0.80	0.01	0.19	0.24	0.01	0.09	0.00053	6.71
2.0	5.0	1.23	0.32952	0.11684	0.20	0.04	0.19	0.24	0.01	0.07	0.00053	6.71
5.0	10.0	1.23	0.32952	0.11684	0.00	0.25	0.19	0.24	0.01	0.05	0.00053	6.71
10.0	20.0	1.23	0.32952	0.11684	0.00	0.30	0.19	0.24	0.01	0.02	0.00053	6.71
20.0	30.0	1.23	0.33286	0.12495	0.00	0.10	0.22	0.26	0.01	0.00	0.00043	6.71
30.0	45.0	1.23	0.33210	0.12942	0.00	0.05	0.25	0.27	0.01	0.00	0.00037	6.71
45.0	60.0	1.23	0.33112	0.13400	0.00	0.04	0.28	0.28	0.01	0.00	0.00033	6.71
60.0	75.0	1.23	0.32751	0.13430	0.00	0.03	0.30	0.28	0.01	0.00	0.00031	6.71
75.0	90.0	1.23	0.32751	0.13430	0.00	0.02	0.30	0.28	0.01	0.00	0.00031	6.71
90.0	105.0	1.23	0.32751	0.13430	0.00	0.01	0.30	0.28	0.01	0.00	0.00031	6.71
105.0	120.0	1.23	0.32751	0.13430	0.00	0.00	0.30	0.28	0.01	0.00	0.00031	6.71
120.0	150.0	1.23	0.32751	0.13430	0.00	0.00	0.30	0.28	0.01	0.00	0.00031	6.71
150.0	180.0	1.23	0.32751	0.13430	0.00	0.00	0.30	0.28	0.01	0.00	0.00031	6.71
												
