0.0	2.0	1.24	0.32390	0.10963	0.80	0.01	0.18	0.22	0.01	0.09	0.00065	6.64
2.0	5.0	1.24	0.32390	0.10963	0.20	0.04	0.18	0.22	0.01	0.07	0.00065	6.64
5.0	10.0	1.24	0.32390	0.10963	0.00	0.25	0.18	0.22	0.01	0.04	0.00065	6.64
10.0	20.0	1.24	0.32390	0.10963	0.00	0.30	0.18	0.22	0.01	0.02	0.00065	6.64
20.0	30.0	1.27	0.30576	0.10420	0.00	0.10	0.26	0.20	0.01	0.00	0.00069	6.64
30.0	45.0	1.25	0.31659	0.11030	0.00	0.05	0.23	0.22	0.01	0.00	0.00060	6.64
45.0	60.0	1.28	0.30541	0.09516	0.00	0.04	0.22	0.17	0.01	0.00	0.00099	6.64
60.0	75.0	1.30	0.30419	0.09034	0.00	0.03	0.21	0.15	0.01	0.00	0.00123	6.64
75.0	90.0	1.30	0.30419	0.09034	0.00	0.02	0.21	0.15	0.01	0.00	0.00123	6.64
90.0	105.0	1.30	0.30419	0.09034	0.00	0.01	0.21	0.15	0.01	0.00	0.00123	6.64
105.0	120.0	1.30	0.30419	0.09034	0.00	0.00	0.21	0.15	0.01	0.00	0.00123	6.64
120.0	150.0	1.30	0.30419	0.09034	0.00	0.00	0.21	0.15	0.01	0.00	0.00123	6.64
150.0	180.0	1.30	0.30419	0.09034	0.00	0.00	0.21	0.15	0.01	0.00	0.00123	6.64
												
